{
	"version": [  0,   1], 
	"id": "", 
	"meshes": [
		{
			"attributes": ["POSITION", "NORMAL", "TANGENT", "BINORMAL", "TEXCOORD0"], 
			"vertices": [
				 0.744503, -3.094752,  4.932372,  0.883132,  0.000000,  0.469125,  0.469125, -0.000000, -0.883132, -0.000000,  1.000000, -0.000000,  0.375200,  0.416500, 
				 0.744503, -1.000209,  4.932368,  0.883131,  0.000000,  0.469126,  0.469126,  0.000000, -0.883131, -0.000000,  1.000000, -0.000000,  0.375200,  0.363500, 
				 0.604972, -1.000209,  5.119770,  0.802091,  0.000001,  0.597201,  0.597201, -0.000000, -0.802091, -0.000001,  1.000000, -0.000001,  0.370500,  0.363500, 
				 0.604972, -3.094752,  5.119770,  0.802086,  0.000000,  0.597209,  0.597209,  0.000000, -0.802086, -0.000000,  1.000000,  0.000000,  0.370500,  0.416500, 
				 0.805304, -3.094752,  4.758605,  0.980040, -0.000001,  0.198802,  0.198802,  0.000000, -0.980040,  0.000001,  1.000000,  0.000000,  0.379600,  0.416500, 
				 0.805307, -1.000209,  4.758597,  0.975215, -0.001950,  0.221250,  0.221250, -0.000103, -0.975217,  0.001924,  0.999998,  0.000331,  0.379600,  0.363500, 
				 0.816550, -3.094752,  4.582246,  0.999990, -0.002442,  0.003693,  0.003694,  0.000086, -0.999993,  0.002442,  0.999997,  0.000095,  0.384100,  0.416500, 
				 0.825922, -1.000209,  4.575630,  0.999997, -0.002190,  0.001297,  0.001297, -0.000046, -0.999999,  0.002190,  0.999998, -0.000043,  0.384300,  0.363500, 
				 0.805304, -3.094752,  4.392663,  0.980183, -0.002219, -0.198083, -0.198084,  0.000067, -0.980185,  0.002188,  0.999998, -0.000374,  0.388900,  0.416500, 
				 0.805307, -1.000209,  4.392667,  0.974927, -0.000001, -0.222524, -0.222524, -0.000000, -0.974927,  0.000001,  1.000000, -0.000000,  0.388900,  0.363500, 
				 0.744495, -3.094752,  4.218882,  0.900976, -0.000001, -0.433869, -0.433869,  0.000000, -0.900976,  0.000000,  1.000000, -0.000000,  0.393300,  0.416500, 
				 0.744495, -1.000209,  4.218882,  0.900961,  0.000003, -0.433900, -0.433900,  0.000000, -0.900961, -0.000002,  1.000000,  0.000001,  0.393300,  0.363500, 
				 0.646481, -3.094752,  4.062881,  0.940802,  0.000003, -0.338956, -0.338956,  0.000141, -0.940802,  0.000045,  1.000000,  0.000134,  0.397200,  0.416500, 
				 0.646477, -1.000209,  4.062896,  0.937950,  0.000004, -0.346770, -0.346770,  0.000283, -0.937950,  0.000094,  1.000000,  0.000267,  0.397200,  0.363500, 
				 1.015508, -3.094752,  6.553584,  0.900967,  0.000001,  0.433887,  0.433887, -0.000000, -0.900967, -0.000001,  1.000000, -0.000000,  0.334754,  0.416500, 
				 1.015508, -1.000209,  6.553580,  0.900966,  0.000001,  0.433890,  0.433890,  0.000000, -0.900966, -0.000000,  1.000000, -0.000000,  0.334754,  0.363500, 
				 0.881709, -1.000209,  6.766514,  0.786133,  0.000042,  0.618058,  0.618058,  0.000026, -0.786133, -0.000049,  1.000000, -0.000005,  0.329570,  0.363500, 
				 0.881709, -3.094752,  6.766519,  0.786429,  0.000001,  0.617680,  0.617680,  0.000052, -0.786429, -0.000033,  1.000000,  0.000040,  0.329570,  0.416500, 
				 1.098566, -3.094752,  6.316216,  0.974929,  0.000000,  0.222516,  0.222516, -0.000000, -0.974929, -0.000000,  1.000000, -0.000000,  0.340515,  0.416500, 
				 1.098566, -1.000209,  6.316216,  0.974928,  0.000000,  0.222518,  0.222518,  0.000000, -0.974928,  0.000000,  1.000000,  0.000000,  0.340515,  0.363500, 
				 1.126720, -3.094752,  6.066319,  1.000000,  0.000000, -0.000000, -0.000000,  0.000000, -1.000000,  0.000000,  1.000000,  0.000000,  0.346660,  0.416500, 
				 1.126720, -1.000209,  6.066319,  1.000000, -0.000000,  0.000001,  0.000001, -0.000000, -1.000000,  0.000000,  1.000000, -0.000000,  0.346564,  0.363500, 
				 1.098566, -3.094752,  5.816422,  0.974929, -0.000000, -0.222516, -0.222516,  0.000000, -0.974929,  0.000000,  1.000000, -0.000000,  0.352709,  0.416500, 
				 1.098566, -1.000209,  5.816419,  0.974929, -0.000000, -0.222518, -0.222518, -0.000000, -0.974929,  0.000000,  1.000000, -0.000000,  0.352709,  0.363500, 
				 1.015508, -3.094752,  5.579054,  0.900967, -0.000000, -0.433887, -0.433887,  0.000000, -0.900967,  0.000000,  1.000000, -0.000000,  0.358469,  0.416500, 
				 1.015508, -1.000209,  5.579054,  0.900968, -0.000000, -0.433885, -0.433885, -0.000000, -0.900968,  0.000000,  1.000000, -0.000000,  0.358469,  0.363500, 
				 0.881712, -3.094752,  5.366123,  0.781886, -0.000001, -0.623422, -0.623422,  0.000000, -0.781886,  0.000001,  1.000000, -0.000000,  0.363654,  0.416500, 
				 0.881712, -1.000209,  5.366119,  0.781885, -0.000001, -0.623423, -0.623423, -0.000000, -0.781885,  0.000000,  1.000000, -0.000000,  0.363654,  0.363500, 
				 0.704202, -3.094752,  5.188549,  0.641029, -0.000001, -0.767517, -0.767517,  0.000000, -0.641029,  0.000000,  1.000000, -0.000000,  0.367974,  0.416500, 
				 0.704202, -1.000209,  5.188549,  0.641025,  0.000000, -0.767520, -0.767520,  0.000000, -0.641025,  0.000000,  1.000000,  0.000000,  0.367974,  0.363500, 
				 0.604972, -3.094752,  5.119770,  0.569666,  0.000000, -0.821876, -0.821876, -0.000000, -0.569666, -0.000000,  1.000000,  0.000000,  0.369606,  0.416500, 
				 0.604972, -1.000209,  5.119770,  0.569666,  0.000000, -0.821876, -0.821876,  0.000000, -0.569666,  0.000000,  1.000000,  0.000000,  0.369606,  0.363500, 
				 0.759888, -3.094770,  6.892009,  0.717480,  0.000006,  0.696579,  0.696579,  0.000052, -0.717480, -0.000040,  1.000000,  0.000033,  0.326594,  0.416500, 
				 0.759888, -1.000209,  6.891748,  0.716806,  0.000087,  0.697273,  0.697273, -0.000000, -0.716806, -0.000062,  1.000000, -0.000060,  0.326594,  0.363500, 
				 0.627481, -3.558155,  0.979048,  0.384595,  0.228817, -0.894276, -0.000270,  0.968818,  0.247774,  0.923085, -0.095051,  0.372665,  0.741000,  0.134100, 
				 0.627433, -3.294114,  1.015987,  0.433561,  0.058242, -0.899240, -0.004348,  0.998033,  0.062545,  0.901114, -0.023207,  0.432961,  0.747700,  0.134100, 
				 0.759885, -3.294096,  1.119708,  0.603896,  0.062901, -0.794577,  0.017033,  0.995635,  0.091762,  0.796881, -0.068949,  0.600189,  0.747700,  0.130700, 
				 0.759886, -3.579617,  1.060630,  0.536085,  0.227018, -0.813066,  0.010785,  0.961240,  0.275501,  0.844095, -0.156461,  0.512858,  0.740500,  0.130700, 
				 0.366011, -3.540189,  0.929758,  0.104624,  0.218252, -0.970268,  0.000233,  0.975617,  0.219481,  0.994512, -0.023189,  0.102022,  0.741500,  0.140700, 
				 0.365995, -3.294104,  0.952883,  0.118423,  0.047204, -0.991841,  0.001068,  0.998863,  0.047666,  0.992963, -0.006704,  0.118238,  0.747700,  0.140700, 
				-0.365286, -3.540189,  0.929758, -0.104626,  0.218252, -0.970268,  0.004034,  0.975707,  0.219041,  0.994503,  0.019003, -0.102965,  0.741500,  0.159200, 
				-0.365271, -3.294104,  0.952883, -0.118425,  0.047204, -0.991840,  0.001128,  0.998875,  0.047404,  0.992962,  0.004495, -0.118345,  0.747700,  0.159200, 
				 0.627481, -3.805526,  0.891778,  0.373255,  0.393611, -0.840090, -0.000032,  0.905540,  0.424262,  0.927729, -0.158331,  0.338010,  0.734800,  0.134100, 
				 0.759886, -3.837199,  0.968053,  0.524888,  0.363261, -0.769763,  0.016260,  0.899912,  0.435768,  0.851016, -0.241246,  0.466446,  0.734000,  0.130700, 
				 0.366011, -3.787589,  0.842481,  0.099062,  0.422678, -0.900850, -0.000056,  0.905305,  0.424762,  0.995081, -0.042028,  0.089705,  0.735200,  0.140700, 
				-0.365286, -3.787589,  0.842481, -0.099062,  0.422678, -0.900849,  0.003321,  0.905438,  0.424466,  0.995076,  0.039057, -0.091099,  0.735200,  0.159200, 
				 0.627496, -4.067068,  0.737100,  0.356840,  0.598802, -0.717008, -0.000585,  0.767682,  0.640831,  0.934165, -0.228255,  0.274290,  0.728700,  0.134100, 
				 0.759886, -4.107232,  0.801548,  0.506407,  0.546033, -0.667383,  0.011479,  0.769625,  0.638394,  0.862218, -0.330948,  0.383475,  0.727200,  0.130700, 
				 0.366011, -4.040844,  0.691654,  0.097958,  0.638437, -0.763415, -0.000192,  0.767117,  0.641507,  0.995191, -0.062694,  0.075268,  0.728800,  0.140700, 
				-0.365286, -4.040844,  0.691654, -0.097959,  0.638436, -0.763415,  0.005371,  0.767433,  0.641107,  0.995176,  0.058702, -0.078606,  0.728800,  0.159200, 
				 0.627466, -4.292714,  0.482694,  0.399620,  0.775661, -0.488523, -0.003079,  0.534059,  0.845442,  0.916676, -0.336351,  0.215808,  0.723100,  0.134100, 
				 0.759886, -4.363309,  0.542120,  0.570814,  0.663104, -0.484215,  0.007418,  0.585541,  0.810609,  0.821046, -0.466299,  0.329316,  0.722500,  0.130900, 
				 0.366014, -4.255648,  0.445561,  0.095395,  0.866039, -0.490791, -0.000321,  0.493067,  0.869991,  0.995439, -0.082835,  0.047314,  0.722600,  0.140700, 
				-0.365289, -4.255648,  0.445561, -0.095397,  0.866039, -0.490791,  0.006704,  0.493588,  0.869670,  0.995417,  0.079673, -0.052893,  0.722600,  0.159200, 
				 0.627462, -4.851110,  0.768628,  0.410114, -0.686648, -0.600268, -0.000433, -0.658310,  0.752747, -0.912034, -0.308453, -0.270279,  0.758800,  0.118700, 
				 0.627437, -4.677876,  0.476926,  0.436419, -0.803528, -0.404822, -0.005463, -0.452288,  0.891855, -0.899727, -0.387011, -0.201777,  0.751700,  0.118700, 
				 0.759885, -4.585299,  0.541553,  0.632602, -0.681266, -0.368362, -0.007609, -0.481071,  0.876649, -0.774440, -0.551767, -0.309510,  0.751700,  0.122100, 
				 0.759886, -4.786061,  0.835279,  0.570383, -0.602836, -0.557900, -0.022743, -0.690554,  0.722923, -0.821064, -0.399655, -0.407591,  0.758800,  0.122100, 
				 0.366011, -4.891290,  0.734912,  0.099909, -0.754982, -0.648090,  0.000023, -0.651347,  0.758780, -0.994997, -0.075824, -0.065058,  0.758800,  0.112100, 
				 0.366014, -4.718024,  0.443177,  0.107693, -0.900828, -0.420609, -0.000218, -0.423091,  0.906087, -0.994184, -0.097487, -0.045760,  0.751700,  0.112100, 
				-0.365286, -4.891290,  0.734912, -0.099910, -0.754982, -0.648090, -0.005825, -0.650894,  0.759147, -0.994979,  0.079621,  0.060633,  0.758800,  0.093600, 
				-0.365289, -4.718024,  0.443177, -0.107693, -0.900828, -0.420608, -0.003678, -0.422705,  0.906260, -0.994177,  0.099145,  0.042209,  0.751700,  0.093600, 
				 0.627474, -5.099675,  0.973287,  0.385220, -0.476643, -0.790201,  0.000710, -0.856131,  0.516758, -0.922824, -0.199626, -0.329461,  0.765300,  0.118700, 
				 0.759886, -5.050551,  1.043759,  0.549607, -0.433348, -0.714242, -0.018887, -0.861173,  0.507961, -0.835210, -0.265689, -0.481491,  0.765300,  0.122100, 
				 0.366011, -5.125901,  0.927856,  0.099611, -0.518383, -0.849327, -0.000015, -0.853573,  0.520973, -0.995026, -0.051882, -0.085033,  0.765200,  0.112100, 
				-0.365286, -5.125901,  0.927856, -0.099606, -0.518381, -0.849329, -0.004662, -0.853321,  0.521365, -0.995016,  0.055890,  0.082580,  0.765200,  0.093600, 
				 0.627462, -5.371001,  1.090576,  0.394879, -0.320044, -0.861187,  0.000122, -0.937345,  0.348403, -0.918733, -0.137682, -0.370099,  0.771700,  0.118700, 
				 0.759886, -5.336083,  1.177407,  0.574444, -0.291693, -0.764806, -0.012552, -0.937380,  0.348083, -0.818447, -0.190355, -0.542134,  0.771700,  0.122100, 
				 0.366011, -5.388940,  1.041286,  0.099071, -0.341982, -0.934469, -0.000004, -0.939090,  0.343672, -0.995080, -0.034044, -0.093038,  0.771700,  0.112100, 
				-0.365286, -5.388940,  1.041286, -0.099070, -0.341984, -0.934469, -0.001850, -0.939024,  0.343847, -0.995079,  0.035794,  0.092397,  0.771700,  0.093600, 
				 0.627466, -5.652740,  1.176018,  0.389028, -0.138209, -0.910800,  0.001224, -0.988603,  0.150538, -0.921225, -0.059678, -0.384425,  0.778700,  0.118700, 
				 0.759886, -5.623361,  1.260301,  0.552484, -0.131134, -0.823144, -0.024060, -0.989644,  0.141510, -0.833176, -0.058377, -0.549917,  0.778700,  0.122100, 
				 0.366011, -5.666322,  1.125350,  0.099107, -0.152142, -0.983377,  0.000099, -0.988241,  0.152904, -0.995077, -0.015252, -0.097927,  0.778700,  0.112100, 
				-0.365286, -5.666322,  1.125350, -0.099107, -0.152141, -0.983377, -0.004728, -0.988159,  0.153358, -0.995066,  0.019849,  0.097214,  0.778700,  0.093600, 
				 0.627478, -5.974671,  1.182310,  0.376433,  0.063491, -0.924266,  0.000335, -0.997658, -0.068396, -0.926444,  0.025437, -0.375572,  0.786500,  0.118700, 
				 0.759886, -5.974641,  1.266519,  0.537687,  0.054776, -0.841363, -0.013059, -0.997227, -0.073269, -0.843043,  0.050384, -0.535480,  0.786500,  0.122100, 
				 0.366011, -5.974673,  1.129852,  0.098460,  0.070562, -0.992636,  0.000196, -0.997484, -0.070887, -0.995141,  0.006785, -0.098226,  0.786500,  0.112100, 
				-0.365286, -5.974673,  1.129852, -0.098461,  0.070562, -0.992636, -0.003139, -0.997500, -0.070596, -0.995136, -0.003835,  0.098436,  0.786500,  0.093600, 
				 0.627474, -6.330913,  1.127077,  0.379051,  0.155337, -0.912245, -0.000011, -0.985809, -0.167868, -0.925376,  0.063641, -0.373671,  0.795300,  0.118700, 
				 0.759886, -6.346774,  1.212133,  0.545020,  0.139709, -0.826701, -0.004067, -0.985567, -0.169238, -0.838413,  0.095600, -0.536585,  0.795300,  0.122100, 
				 0.366297, -6.321471,  1.074931,  0.132655,  0.163497, -0.977585,  0.000767, -0.986318, -0.164853, -0.991162,  0.021119, -0.130965,  0.795300,  0.112100, 
				-0.365572, -6.321471,  1.074931, -0.132657,  0.163496, -0.977584, -0.000681, -0.986316, -0.164864, -0.991162, -0.021205,  0.130953,  0.795300,  0.093600, 
				 0.627485, -6.761409,  1.045424,  0.367470, -0.006320, -0.930014,  0.000035, -0.999977,  0.006809, -0.930035, -0.002535, -0.367462,  0.806400,  0.118700, 
				 0.759886, -6.761418,  1.129629,  0.535549, -0.003417, -0.844497,  0.029954, -0.999286,  0.023039, -0.843972, -0.037635, -0.535065,  0.806400,  0.122100, 
				 0.366379, -6.761415,  0.992583,  0.199016, -0.007678, -0.979966, -0.012657, -0.999906,  0.005264, -0.979914,  0.011356, -0.199094,  0.806400,  0.112100, 
				 0.627485, -7.188231,  1.134142,  0.365169, -0.149881, -0.918797,  0.000099, -0.986948,  0.161038, -0.930941, -0.058897, -0.360388,  0.817500,  0.118700, 
				 0.759886, -7.169065,  1.212192,  0.519725, -0.138178, -0.843085, -0.005434, -0.987349,  0.158472, -0.854316, -0.077780, -0.513900,  0.817600,  0.122100, 
				 0.366379, -7.201875,  1.083095,  0.196788, -0.157970, -0.967636,  0.002747, -0.986842,  0.161664, -0.980442, -0.034472, -0.193765,  0.817500,  0.112100, 
				 0.627478, -7.585107,  1.182358,  0.374876, -0.041168, -0.926161, -0.000205, -0.999017,  0.044324, -0.927075, -0.016426, -0.374516,  0.827200,  0.118700, 
				 0.759886, -7.585126,  1.266567,  0.534210, -0.036881, -0.844547, -0.013014, -0.999288,  0.035407, -0.845251, -0.007924, -0.534310,  0.827200,  0.122100, 
				 0.366379, -7.585120,  1.129521,  0.198063, -0.043578, -0.979220,  0.004881, -0.998955,  0.045443, -0.980177, -0.013780, -0.197643,  0.827200,  0.112100, 
				 0.627481, -8.010667,  1.166175,  0.365703,  0.099343, -0.925415, -0.000100, -0.994283, -0.106775, -0.930732,  0.039140, -0.363602,  0.838300,  0.118700, 
				 0.759886, -8.023665,  1.245818,  0.519611,  0.094316, -0.849181, -0.008835, -0.993242, -0.115723, -0.854357,  0.067634, -0.515267,  0.838300,  0.122100, 
				 0.366382, -8.001828,  1.115897,  0.192927,  0.103984, -0.975688,  0.004448, -0.994451, -0.105104, -0.981203,  0.015938, -0.192319,  0.838300,  0.112100, 
				 0.366330, -6.319499,  1.347225,  0.000000,  0.000088, -1.000000,  0.000000, -1.000000, -0.000088, -1.000000, -0.000000, -0.000000,  0.008300,  0.442200, 
				 0.366326, -8.880321,  1.346999,  0.000000,  0.000088, -1.000000, -0.000001, -1.000000, -0.000088, -1.000000,  0.000001,  0.000000,  0.073100,  0.442200, 
				-0.365601, -8.880321,  1.346999,  0.000000,  0.000088, -1.000000,  0.000000, -1.000000, -0.000088, -1.000000, -0.000000, -0.000000,  0.073100,  0.423700, 
				-0.365605, -6.319499,  1.347225,  0.000000,  0.000088, -1.000000,  0.000002, -1.000000, -0.000088, -1.000000, -0.000002, -0.000000,  0.008300,  0.423700, 
				 0.627481, -8.271310,  1.121075,  0.362287,  0.263920, -0.893921,  0.001575, -0.959246, -0.282568, -0.932065,  0.100963, -0.347938,  0.845100,  0.118700, 
				 0.759886, -8.274243,  1.202067,  0.511062,  0.234328, -0.826986, -0.003857, -0.961487, -0.274823, -0.859535,  0.143642, -0.490476,  0.845100,  0.122100, 
				 0.366374, -8.257627,  1.070039,  0.197133,  0.274087, -0.941284,  0.000046, -0.960127, -0.279565, -0.980377,  0.055069, -0.189285,  0.845100,  0.112100, 
				 0.759886, -8.644486,  1.046939,  0.488377,  0.408601, -0.771060, -0.001175, -0.883293, -0.468820, -0.872632,  0.229866, -0.430900,  0.853500,  0.122100, 
				 0.627493, -8.617288,  0.978319,  0.347983,  0.443538, -0.825943,  0.000228, -0.881045, -0.473033, -0.937501,  0.164419, -0.306690,  0.853400,  0.118700, 
				 0.366374, -8.599170,  0.928680,  0.196334,  0.466146, -0.862648,  0.000244, -0.879794, -0.475356, -0.980537,  0.093118, -0.172847,  0.853400,  0.112100, 
				 0.627503, -9.230317,  0.478575,  0.330162,  0.758723, -0.561544,  0.001114, -0.595217, -0.803564, -0.943924,  0.264681, -0.197364,  0.540400,  0.118700, 
				 0.627489, -8.916198,  0.777665,  0.355281,  0.582820, -0.730819, -0.029033, -0.774569, -0.631823, -0.934309,  0.245692, -0.258268,  0.533800,  0.118700, 
				 0.759886, -8.966126,  0.835809,  0.495346,  0.542481, -0.678489, -0.042204, -0.765092, -0.642536, -0.867670,  0.346913, -0.356091,  0.533800,  0.122100, 
				 0.759887, -9.280635,  0.522282,  0.455458,  0.716041, -0.529002, -0.020475, -0.585631, -0.810319, -0.890022,  0.379898, -0.252069,  0.540400,  0.122100, 
				 0.366003, -9.187327,  0.448484,  0.100197,  0.790279, -0.604500, -0.000263, -0.607536, -0.794292, -0.994968,  0.079745, -0.060666,  0.540400,  0.112100, 
				 0.366293, -8.882415,  0.737085,  0.132465,  0.640713, -0.756267, -0.007462, -0.762325, -0.647152, -0.991160,  0.091368, -0.096200,  0.533800,  0.112100, 
				-0.365278, -9.187327,  0.448484, -0.100190,  0.790280, -0.604499, -0.005215, -0.607965, -0.793947, -0.994955, -0.076393,  0.065034,  0.540400,  0.093600, 
				-0.365568, -8.882415,  0.737085, -0.132466,  0.640713, -0.756267,  0.007915, -0.762283, -0.647196, -0.991156, -0.091717,  0.095906,  0.533800,  0.093600, 
				 0.759886, -8.966126,  0.835809,  0.495346,  0.542481, -0.678489,  0.040346, -0.794567, -0.605834, -0.867758,  0.272723, -0.415473,  0.861100,  0.122100, 
				 0.627489, -8.916198,  0.777665,  0.355281,  0.582820, -0.730819,  0.028430, -0.788201, -0.614760, -0.934327,  0.197635, -0.296602,  0.861100,  0.118700, 
				 0.366293, -8.882415,  0.737085,  0.132465,  0.640713, -0.756267,  0.014365, -0.764152, -0.644877, -0.991084,  0.074560, -0.110427,  0.861100,  0.112100, 
				 0.627507, -9.402843,  0.140402,  0.326759,  0.900417, -0.287188,  0.001924, -0.304501, -0.952510, -0.945106,  0.310689, -0.101231,  0.548800,  0.118700, 
				 0.759886, -9.466269,  0.182311,  0.486029,  0.826264, -0.284717, -0.006092, -0.322574, -0.946525, -0.873922,  0.461773, -0.151747,  0.548900,  0.122100, 
				 0.366018, -9.364577,  0.118721,  0.084058,  0.945236, -0.315378,  0.000145, -0.316510, -0.948589, -0.996461,  0.079691, -0.026742,  0.548800,  0.112100, 
				-0.365293, -9.364577,  0.118721, -0.084054,  0.945236, -0.315380, -0.000235, -0.316519, -0.948586, -0.996461, -0.079658,  0.026827,  0.548800,  0.093600, 
				 0.601046, -0.999394,  7.668613,  0.991030,  0.074580, -0.110890, -0.111184, -0.000213, -0.993800, -0.074141,  0.997215,  0.008081,  0.300700,  0.360600, 
				 0.759885, -1.852018,  7.521144,  0.901128,  0.432592, -0.028835, -0.001625, -0.063136, -0.998004, -0.433549,  0.899376, -0.056191,  0.308400,  0.382200, 
				 0.600555, -1.534575,  7.304291,  0.934961,  0.281858,  0.215417,  0.223443,  0.003755, -0.974710, -0.275538,  0.959449, -0.059469,  0.313900,  0.374100, 
				 0.759886, -6.346774,  1.212133,  1.000000,  0.000000, -0.000002, -0.000002,  0.001738, -0.999999, -0.000000,  0.999999,  0.001738,  0.469400,  0.498700, 
				 0.759886, -7.169065,  1.212192,  1.000000, -0.000000, -0.000002, -0.000002, -0.000735, -1.000000,  0.000000,  1.000000, -0.000735,  0.469400,  0.519500, 
				 0.759886, -6.761418,  1.129629,  1.000000,  0.000000,  0.000000, -0.000000,  0.005505, -0.999985, -0.000000,  0.999985,  0.005505,  0.471500,  0.509200, 
				 0.759886, -4.786061,  0.835279,  1.000000, -0.000000, -0.000001, -0.000001,  0.008256, -0.999966,  0.000000,  0.999966,  0.008256,  0.478900,  0.459200, 
				 0.759886, -4.107232,  0.801548,  1.000000,  0.000000,  0.000000,  0.000000,  0.007071, -0.999975,  0.000000,  0.999975,  0.007071,  0.479800,  0.442100, 
				 0.759886, -3.837199,  0.968053,  1.000000,  0.000000,  0.000000,  0.000000,  0.004539, -0.999990,  0.000000,  0.999990,  0.004539,  0.475500,  0.435200, 
				 0.759886, -5.050551,  1.043759,  1.000000,  0.000000,  0.000000,  0.000000, -0.010232, -0.999948,  0.000000,  0.999948, -0.010232,  0.473600,  0.465900, 
				 0.759885, -4.585299,  0.541553,  0.990372,  0.000350, -0.138434, -0.138433,  0.007367, -0.990344,  0.000673,  0.999973,  0.007344,  0.486300,  0.454200, 
				 0.759886, -4.363309,  0.542120,  0.991816,  0.000176, -0.127674, -0.127674,  0.001451, -0.991815,  0.000011,  0.999999,  0.001462,  0.486300,  0.448500, 
				 0.759886, -3.579617,  1.060630,  1.000000,  0.000001, -0.000002, -0.000002, -0.007615, -0.999971, -0.000001,  0.999971, -0.007615,  0.473200,  0.428700, 
				 0.759886, -5.336083,  1.177407,  1.000000, -0.000000, -0.000001, -0.000001, -0.003776, -0.999993,  0.000000,  0.999993, -0.003776,  0.470300,  0.473200, 
				 0.537748, -4.518945,  7.668112,  0.259527,  0.037885,  0.964993,  0.965611,  0.005920, -0.259926, -0.015560,  0.999265, -0.035046,  0.298100,  0.452500, 
				 0.759887, -5.206267,  7.668378,  0.064371,  0.021029,  0.997704,  0.997923,  0.001268, -0.064412, -0.002619,  0.999778, -0.020904,  0.302800,  0.469900, 
				 0.759885, -4.518989,  7.522119,  0.547262,  0.084721,  0.832663,  0.835675, -0.000165, -0.549225, -0.046393,  0.996405, -0.070889,  0.305900,  0.452500, 
				-0.756786, -7.951375,  7.033453,  0.000000,  0.385910, -0.922536, -0.000000, -0.922536, -0.385910, -1.000000,  0.000000,  0.000000,  0.746700,  0.625700, 
				-0.756779, -3.233388,  7.034857, -0.000001, -0.389496, -0.921028,  0.000050, -0.921028,  0.389496, -1.000000, -0.000046,  0.000020,  0.627400,  0.625700, 
				 0.759888, -3.233391,  7.034857,  0.000001, -0.389474, -0.921037,  0.000025, -0.921037,  0.389474, -1.000000, -0.000023,  0.000009,  0.627400,  0.664100, 
				 0.759888, -7.951375,  7.033453,  0.000000,  0.385910, -0.922536,  0.000000, -0.922536, -0.385910, -1.000000,  0.000000,  0.000000,  0.746700,  0.664100, 
				 0.759888, -8.090802,  6.892147,  0.000000,  0.925339, -0.379141,  0.000001, -0.379141, -0.925339, -1.000000, -0.000000, -0.000001,  0.750300,  0.664100, 
				-0.756786, -8.090802,  6.892147, -0.000134,  0.925213, -0.379448,  0.000019, -0.379448, -0.925213, -1.000000, -0.000131,  0.000033,  0.750300,  0.625700, 
				 0.000733, -3.094756,  3.656587,  0.000004, -1.000000, -0.000005, -0.000690, -0.000005,  1.000000, -1.000000, -0.000004, -0.000690,  0.542000,  0.644900, 
				 0.000733, -3.094752,  3.371329,  0.000004, -1.000000,  0.000000, -0.000438,  0.000000,  1.000000, -1.000000, -0.000004, -0.000438,  0.534700,  0.644900, 
				 0.589739, -3.094752,  3.371325,  0.000002, -1.000000, -0.000002, -0.001125, -0.000002,  0.999999, -0.999999, -0.000002, -0.001125,  0.534700,  0.659800, 
				 0.593101, -3.094752,  3.656613,  0.000006, -1.000000, -0.000000,  0.000851, -0.000000,  1.000000, -1.000000, -0.000006,  0.000851,  0.542000,  0.659900, 
				 0.000733, -3.094759,  3.051082,  0.000006, -1.000000,  0.000011,  0.000497,  0.000011,  1.000000, -1.000000, -0.000006,  0.000497,  0.526600,  0.644900, 
				 0.602019, -3.094752,  3.051056,  0.000007, -1.000000,  0.000015,  0.000059,  0.000015,  1.000000, -1.000000, -0.000007,  0.000059,  0.526600,  0.660100, 
				 0.000733, -3.094756,  2.734817,  0.000188, -1.000000,  0.000415, -0.001169,  0.000415,  0.999999, -0.999999, -0.000188, -0.001169,  0.518600,  0.644900, 
				 0.633194, -3.094759,  2.734757,  0.000000, -1.000000,  0.000074, -0.000809,  0.000074,  1.000000, -1.000000, -0.000000, -0.000809,  0.518600,  0.660900, 
				 0.000730, -3.094756,  4.063494,  0.000006, -1.000000, -0.000001,  0.002769, -0.000001,  0.999996, -0.999996, -0.000006,  0.002769,  0.552300,  0.644900, 
				 0.646481, -3.094752,  4.062881,  0.000006, -1.000000, -0.000002,  0.001037, -0.000002,  0.999999, -0.999999, -0.000006,  0.001037,  0.552200,  0.661200, 
				 0.759888, -9.659547, -0.174612,  0.988971,  0.000190, -0.148107, -0.148106, -0.002761, -0.988968, -0.000596,  0.999996, -0.002702,  0.504500,  0.582500, 
				 0.759887, -9.515061, -0.174433,  0.987541,  0.002569, -0.157341, -0.157342,  0.000124, -0.987544, -0.002518,  0.999997,  0.000526,  0.504500,  0.578800, 
				 0.759886, -9.466269,  0.182311,  1.000000,  0.000005, -0.000000, -0.000000,  0.000387, -1.000000, -0.000005,  1.000000,  0.000387,  0.495500,  0.577600, 
				 0.759888, -9.709664,  0.182679,  1.000000,  0.000008,  0.000002,  0.000002,  0.003115, -0.999995, -0.000008,  0.999995,  0.003115,  0.495500,  0.583800, 
				 0.627269, -4.548669,  0.170265,  0.321967, -0.928423, -0.185387, -0.007726, -0.198384,  0.980094, -0.946719, -0.314126, -0.071047,  0.744800,  0.118700, 
				 0.365973, -4.628602,  0.170604,  0.148106, -0.976184, -0.158521, -0.004283, -0.160920,  0.986958, -0.988962, -0.145496, -0.028014,  0.744800,  0.112100, 
				-0.365249, -4.628602,  0.170604, -0.148105, -0.976184, -0.158522, -0.005111, -0.159532,  0.987180, -0.988958,  0.147016,  0.018638,  0.744800,  0.093600, 
				 0.366025, -9.412915, -0.174482,  0.092506,  0.990924, -0.097530, -0.000046, -0.097946, -0.995192, -0.995712,  0.092066, -0.009015,  0.556200,  0.112100, 
				 0.627541, -9.451882, -0.174437,  0.291234,  0.946994, -0.135593,  0.000633, -0.141928, -0.989877, -0.956652,  0.288200, -0.041933,  0.556200,  0.118700, 
				 0.627265, -9.500815, -0.557777,  0.313151,  0.948875,  0.039659,  0.006869,  0.039495, -0.999196, -0.949679,  0.313171,  0.005851,  0.565700,  0.118700, 
				 0.365958, -9.409221, -0.550794,  0.169624,  0.981578,  0.087929, -0.000014,  0.089225, -0.996012, -0.985509,  0.168946,  0.015148,  0.565700,  0.112100, 
				-0.365234, -9.409221, -0.550794, -0.169624,  0.981578,  0.087929,  0.000073,  0.089235, -0.996011, -0.985509, -0.168941, -0.015208,  0.565700,  0.093600, 
				-0.365301, -9.412915, -0.174482, -0.092507,  0.990924, -0.097530,  0.002676, -0.097702, -0.995212, -0.995708, -0.092326,  0.006386,  0.556200,  0.093600, 
				 0.627273, -4.426776,  0.169872,  0.322950,  0.924051, -0.204531, -0.015687,  0.221307,  0.975078,  0.946286, -0.311693,  0.085967,  0.715700,  0.134100, 
				 0.365973, -4.346551,  0.169482,  0.136025,  0.975576, -0.172475,  0.000300,  0.174053,  0.984736,  0.990705, -0.134001,  0.023383,  0.715600,  0.140700, 
				-0.365249, -4.346551,  0.169482, -0.136025,  0.975577, -0.172474, -0.000748,  0.173991,  0.984747,  0.990705,  0.134080, -0.022937,  0.715600,  0.159200, 
				 0.759887, -9.515061, -0.174433,  0.432400,  0.892948, -0.125195, -0.000226, -0.138739, -0.990329, -0.901682,  0.428246, -0.059788,  0.556200,  0.122100, 
				 0.627269, -4.548669,  0.170265,  0.984474, -0.000266, -0.175533, -0.175533, -0.001844, -0.984472, -0.000062,  0.999998, -0.001862,  0.495700,  0.453200, 
				 0.627273, -4.426776,  0.169872,  0.984019, -0.000606, -0.178064, -0.178064, -0.000679, -0.984019,  0.000475,  1.000000, -0.000776,  0.495700,  0.450100, 
				 0.627392, -9.604953, -0.567494,  0.985498,  0.013461, -0.169150, -0.169151, -0.001114, -0.985590, -0.013456,  0.999909,  0.001179,  0.514400,  0.581100, 
				 0.627265, -9.500815, -0.557777,  0.986315,  0.016508, -0.164042, -0.164077,  0.000737, -0.986447, -0.016164,  0.999863,  0.003435,  0.514200,  0.578500, 
				 0.365973, -4.628602, -0.222524,  0.148077, -0.988823,  0.017401, -0.000376,  0.017539,  0.999846, -0.988976, -0.148061,  0.002225,  0.734900,  0.112100, 
				 0.627280, -4.548690, -0.222517,  0.293128, -0.955934,  0.016328,  0.001518,  0.017544,  0.999845, -0.956072, -0.293058,  0.006594,  0.734900,  0.118700, 
				-0.365249, -4.628602, -0.222524, -0.148077, -0.988823,  0.017401,  0.000524,  0.017517,  0.999846, -0.988976,  0.148063, -0.002076,  0.734900,  0.093600, 
				 0.627276, -4.651963, -1.192080,  0.297202, -0.912557,  0.280912, -0.011328,  0.290815,  0.956712, -0.954747, -0.287519,  0.076093,  0.710900,  0.118700, 
				 0.627276, -4.564322, -0.705015,  0.297294, -0.949511,  0.100228,  0.000016,  0.104979,  0.994474, -0.954786, -0.295650,  0.031224,  0.722900,  0.118700, 
				 0.365973, -4.645261, -0.696713,  0.150981, -0.982978,  0.104683,  0.001531,  0.106129,  0.994351, -0.988535, -0.149968,  0.017529,  0.722900,  0.112100, 
				 0.365973, -4.730487, -1.170751,  0.150007, -0.945852,  0.287857,  0.003398,  0.291643,  0.956521, -0.988679, -0.142507,  0.046963,  0.710900,  0.112100, 
				-0.365249, -4.730487, -1.170751, -0.150007, -0.945852,  0.287857, -0.002311,  0.291486,  0.956572, -0.988682,  0.142827, -0.045911,  0.710900,  0.093600, 
				-0.365249, -4.645261, -0.696713, -0.150981, -0.982978,  0.104683,  0.001518,  0.105666,  0.994401, -0.988536,  0.150294, -0.014461,  0.722900,  0.093600, 
				 0.627288, -4.883298, -1.708962,  0.272617, -0.792240,  0.545926, -0.015914,  0.563628,  0.825875, -0.961991, -0.233835,  0.141047,  0.698200,  0.118700, 
				 0.365981, -4.947585, -1.673735,  0.136908, -0.815061,  0.562967,  0.003508,  0.568714,  0.822528, -0.990578, -0.110635,  0.080721,  0.698200,  0.112100, 
				-0.365257, -4.947585, -1.673735, -0.136908, -0.815061,  0.562967, -0.005075,  0.568889,  0.822399, -0.990571,  0.109736, -0.082022,  0.698200,  0.093600, 
				 0.627295, -5.314267, -2.125921,  0.252761, -0.557216,  0.790963, -0.013131,  0.815457,  0.578668, -0.967440, -0.156651,  0.198799,  0.688000,  0.118700, 
				 0.365989, -5.350350, -2.068482,  0.129497, -0.571123,  0.810585,  0.007190,  0.817988,  0.575190, -0.991554, -0.068657,  0.110033,  0.688000,  0.112100, 
				-0.365263, -5.350350, -2.068482, -0.129496, -0.571124,  0.810585, -0.000116,  0.817477,  0.575961, -0.991580,  0.074491, -0.105926,  0.688000,  0.093600, 
				 0.627288, -5.825147, -2.376899,  0.266735, -0.292295,  0.918377, -0.012477,  0.951773,  0.306548, -0.963689, -0.093226,  0.250225,  0.675400,  0.118700, 
				 0.365981, -5.848855, -2.307766,  0.138870, -0.295687,  0.945137,  0.006698,  0.954643,  0.297677, -0.990288, -0.035008,  0.134552,  0.675400,  0.112100, 
				-0.365257, -5.848855, -2.307766, -0.138871, -0.295687,  0.945137,  0.000023,  0.954384,  0.298583, -0.990311,  0.041486, -0.132529,  0.675400,  0.093600, 
				 0.627284, -6.387757, -2.470557,  0.280233, -0.095941,  0.955126, -0.005595,  0.994813,  0.101569, -0.959916, -0.033807,  0.278243,  0.661600,  0.118700, 
				 0.365977, -6.395183, -2.393944,  0.144369, -0.095893,  0.984866,  0.002904,  0.995330,  0.096486, -0.989520, -0.011069,  0.143974,  0.661600,  0.112100, 
				-0.365252, -6.395183, -2.393944, -0.144369, -0.095893,  0.984867, -0.000021,  0.995294,  0.096905, -0.989524,  0.013969, -0.143692,  0.661600,  0.093600, 
				 0.627276, -7.028697, -2.497066,  0.293188,  0.006641,  0.956032, -0.004356,  0.999975, -0.005610, -0.956045, -0.002520,  0.293210,  0.645600,  0.118700, 
				 0.365973, -7.028773, -2.416450,  0.149443,  0.007242,  0.988744,  0.002088,  0.999969, -0.007640, -0.988768,  0.003206,  0.149423,  0.645600,  0.112100, 
				-0.365249, -7.028773, -2.416450, -0.149443,  0.007242,  0.988744,  0.000009,  0.999973, -0.007323, -0.988770, -0.001086, -0.149439,  0.645600,  0.093600, 
				 0.627280, -7.659795, -2.464818,  0.292760,  0.103865,  0.950528, -0.005516,  0.994250, -0.106944, -0.956170,  0.026066,  0.291650,  0.629900,  0.118700, 
				 0.365973, -7.647973, -2.385754,  0.148735,  0.106861,  0.983086,  0.002938,  0.994092, -0.108502, -0.988873,  0.019026,  0.147542,  0.629900,  0.112100, 
				-0.365249, -7.647973, -2.385754, -0.148735,  0.106861,  0.983086, -0.000037,  0.994143, -0.108069, -0.988877, -0.016110, -0.147860,  0.629900,  0.093600, 
				 0.627276, -8.235097, -2.367910,  0.299648,  0.299047,  0.905970, -0.012572,  0.950760, -0.309673, -0.953967,  0.081403,  0.288653,  0.615800,  0.118700, 
				 0.365970, -8.204547, -2.291490,  0.154189,  0.307957,  0.938823,  0.009044,  0.949706, -0.313012, -0.988000,  0.056754,  0.143649,  0.615800,  0.112100, 
				-0.365245, -8.204547, -2.291490, -0.154189,  0.307957,  0.938823, -0.000153,  0.950178, -0.311707, -0.988041, -0.048205, -0.146460,  0.615800,  0.093600, 
				 0.627273, -8.747052, -2.109983,  0.310850,  0.559002,  0.768693, -0.016631,  0.811835, -0.583649, -0.950314,  0.168643,  0.261656,  0.603500,  0.118800, 
				 0.365966, -8.689710, -2.045805,  0.163721,  0.582708,  0.796019,  0.008336,  0.806061, -0.591773, -0.986472,  0.103521,  0.127111,  0.603500,  0.112100, 
				-0.365241, -8.689710, -2.045805, -0.163720,  0.582708,  0.796019, -0.000341,  0.806874, -0.590724, -0.986507, -0.096985, -0.131903,  0.603500,  0.093600, 
				 0.627254, -9.149770, -1.709003,  0.349743,  0.768826,  0.535338, -0.020807,  0.577659, -0.816013, -0.936615,  0.274256,  0.218029,  0.593400,  0.118700, 
				 0.365947, -9.071120, -1.647738,  0.183145,  0.809163,  0.558312,  0.009328,  0.566462, -0.824035, -0.983042,  0.156126,  0.096197,  0.593400,  0.112100, 
				-0.365222, -9.071120, -1.647738, -0.183145,  0.809163,  0.558312,  0.000219,  0.567952, -0.823062, -0.983086, -0.150617, -0.104195,  0.593400,  0.093600, 
				 0.627261, -9.395284, -1.189189,  0.341114,  0.896429,  0.282944, -0.014900,  0.306116, -0.951878, -0.939904,  0.320483,  0.117777,  0.581100,  0.118700, 
				 0.365954, -9.305192, -1.161673,  0.174333,  0.938248,  0.298830,  0.004870,  0.302652, -0.953089, -0.984675,  0.167610,  0.048193,  0.581100,  0.112100, 
				-0.365231, -9.305192, -1.161673, -0.174333,  0.938248,  0.298830, -0.003461,  0.302892, -0.953019, -0.984681, -0.167177, -0.049556,  0.581100,  0.093600, 
				 0.627280, -4.426757, -0.222509,  0.292876,  0.956034, -0.014906,  0.001445,  0.015147,  0.999884,  0.956149, -0.292864,  0.003055,  0.705700,  0.134100, 
				 0.365973, -4.346749, -0.222501,  0.148198,  0.988851, -0.014513, -0.000280,  0.014717,  0.999892,  0.988958, -0.148177,  0.002458,  0.705700,  0.140700, 
				-0.365249, -4.346749, -0.222501, -0.148197,  0.988851, -0.014513,  0.000419,  0.014738,  0.999891,  0.988958,  0.148175, -0.002598,  0.705700,  0.159200, 
				 0.627269, -4.534066, -1.222875,  0.317846,  0.907266, -0.275397,  0.012315,  0.286484,  0.958006,  0.948063, -0.307889,  0.079885,  0.680400,  0.134100, 
				 0.365966, -4.448888, -1.247130,  0.160597,  0.945154, -0.284418, -0.006775,  0.289207,  0.957243,  0.986997, -0.151803,  0.052849,  0.679800,  0.140700, 
				 0.365973, -4.360608, -0.718205,  0.151749,  0.983590, -0.097580, -0.003399,  0.099242,  0.995058,  0.988413, -0.150667,  0.018403,  0.693200,  0.140700, 
				 0.627276, -4.441682, -0.706947,  0.297993,  0.949556, -0.097688,  0.006809,  0.100221,  0.994942,  0.954544, -0.297151,  0.023400,  0.693500,  0.134100, 
				-0.365241, -4.448888, -1.247130, -0.160596,  0.945154, -0.284418,  0.000026,  0.288162,  0.957582,  0.987020,  0.153777, -0.046303,  0.679800,  0.159200, 
				-0.365249, -4.360608, -0.718205, -0.151749,  0.983591, -0.097580, -0.000045,  0.098716,  0.995116,  0.988419,  0.151012, -0.014936,  0.693200,  0.159200, 
				 0.627269, -4.779965, -1.774016,  0.320876,  0.774394, -0.545300,  0.020308,  0.569987,  0.821403,  0.946904, -0.274642,  0.167168,  0.666500,  0.134100, 
				 0.365966, -4.704995, -1.821326,  0.160323,  0.809634, -0.564614, -0.010236,  0.573346,  0.819249,  0.987012, -0.125565,  0.100208,  0.665900,  0.140700, 
				-0.365241, -4.704995, -1.821326, -0.160322,  0.809634, -0.564614,  0.000128,  0.572030,  0.820232,  0.987065,  0.131429, -0.091813,  0.665900,  0.159200, 
				 0.627265, -5.255519, -2.232718,  0.332324,  0.545915, -0.769115,  0.015042,  0.812290,  0.583060,  0.943045, -0.205334,  0.261732,  0.651300,  0.134100, 
				 0.365962, -5.211183, -2.314697,  0.166350,  0.565820, -0.807574, -0.008518,  0.819779,  0.572617,  0.986030, -0.088375,  0.141190,  0.651800,  0.140700, 
				-0.365238, -5.211183, -2.314697, -0.166349,  0.565820, -0.807574, -0.000304,  0.818955,  0.573857,  0.986067,  0.095706, -0.136061,  0.651800,  0.159200, 
				 0.627265, -5.787862, -2.493051,  0.332647,  0.285760, -0.898714,  0.015787,  0.951165,  0.308280,  0.942919, -0.116736,  0.311891,  0.637900,  0.134100, 
				 0.365962, -5.754970, -2.579117,  0.165249,  0.299407, -0.939707, -0.008112,  0.953186,  0.302275,  0.986218, -0.042327,  0.159942,  0.638700,  0.140700, 
				-0.365238, -5.754970, -2.579117, -0.165249,  0.299407, -0.939707,  0.000137,  0.952813,  0.303558,  0.986252,  0.050034, -0.157492,  0.638700,  0.159200, 
				 0.627269, -6.379382, -2.592177,  0.317357,  0.095624, -0.943473,  0.006551,  0.994658,  0.103015,  0.948283, -0.038873,  0.315036,  0.622900,  0.134100, 
				 0.365966, -6.364997, -2.678203,  0.158286,  0.098263, -0.982492, -0.003348,  0.995083,  0.098983,  0.987388, -0.012378,  0.157837,  0.623300,  0.140700, 
				-0.365241, -6.364997, -2.678203, -0.158286,  0.098263, -0.982492,  0.000075,  0.995037,  0.099506,  0.987393,  0.015676, -0.157507,  0.623300,  0.159200, 
				 0.627276, -7.028634, -2.618973,  0.303697, -0.006830, -0.952744,  0.004545,  0.999973, -0.005720,  0.952758, -0.002593,  0.303720,  0.606500,  0.134100, 
				 0.365970, -7.028575, -2.701797,  0.152097, -0.007969, -0.988334, -0.002206,  0.999962, -0.008402,  0.988363,  0.003459,  0.152073,  0.606500,  0.140700, 
				-0.365245, -7.028575, -2.701797, -0.152097, -0.007969, -0.988334,  0.000010,  0.999967, -0.008064,  0.988366, -0.001236, -0.152092,  0.606500,  0.159200, 
				 0.627276, -7.679530, -2.585648,  0.302290, -0.108638, -0.947005,  0.005804,  0.993676, -0.112139,  0.953198,  0.028402,  0.301009,  0.590000,  0.134100, 
				 0.365973, -7.697217, -2.666952,  0.150985, -0.116587, -0.981637, -0.003249,  0.992957, -0.118431,  0.988531,  0.021071,  0.149542,  0.589600,  0.140700, 
				-0.365249, -7.697217, -2.666952, -0.150984, -0.116587, -0.981637, -0.000076,  0.993022, -0.117927,  0.988536, -0.017731, -0.149939,  0.589600,  0.159200, 
				 0.627276, -8.282626, -2.476489,  0.299013, -0.302203, -0.905132,  0.012923,  0.949724, -0.312822,  0.954162,  0.081840,  0.287885,  0.574800,  0.134100, 
				 0.365973, -8.317782, -2.550509,  0.150019, -0.315077, -0.937135, -0.006506,  0.947526, -0.319612,  0.988662,  0.054045,  0.140096,  0.573900,  0.140700, 
				-0.365249, -8.317782, -2.550509, -0.150018, -0.315077, -0.937135, -0.000239,  0.947873, -0.318649,  0.988683, -0.047579, -0.142273,  0.573900,  0.159200, 
				 0.627265, -8.824517, -2.203143,  0.322140, -0.550252, -0.770356,  0.015860,  0.816757, -0.576764,  0.946559,  0.173581,  0.271837,  0.561100,  0.134100, 
				 0.365966, -8.877854, -2.275392,  0.161488, -0.574169, -0.802653, -0.008792,  0.812458, -0.582953,  0.986835,  0.101197,  0.126154,  0.559700,  0.140700, 
				-0.365241, -8.877854, -2.275392, -0.161488, -0.574170, -0.802653, -0.000038,  0.813331, -0.581801,  0.986875, -0.093923, -0.131365,  0.559700,  0.159200, 
				 0.627269, -9.250606, -1.779718,  0.318844, -0.775333, -0.545158,  0.017925,  0.580008, -0.814414,  0.947638,  0.249899,  0.198829,  0.547200,  0.134100, 
				 0.365966, -9.321656, -1.830940,  0.157738, -0.808426, -0.567068, -0.009085,  0.573045, -0.819474,  0.987439,  0.134414,  0.083046,  0.548500,  0.140700, 
				-0.365241, -9.321656, -1.830940, -0.157738, -0.808426, -0.567068, -0.000063,  0.574265, -0.818669,  0.987481, -0.129100, -0.090634,  0.548500,  0.159200, 
				 0.627154, -9.512010, -1.225721,  0.307735, -0.861546, -0.403780,  0.000375,  0.424483, -0.905436,  0.951472,  0.278483,  0.130952,  0.533100,  0.134100, 
				 0.365862, -9.545806, -1.351141,  0.169712, -0.892878, -0.417093,  0.000196,  0.423263, -0.906007,  0.985494,  0.153678,  0.072008,  0.536300,  0.140700, 
